20230100|1|M-RER|10/01/2023||01|F001|983||6|20607923460|MOBILE TECHNOLOGY SERVICES S.A.C.|0|14.83|0.00|2.67|0.00|0.00|0|0|0|0|0.00|0|17.50|PEN|1.000|||||1|1|1|1||ACEPTADO
20230100|2|M-RER|18/01/2023||01|F001|984||6|20574694044|MOBILE TECHNOLOGY SOLUTIONS SAC|0|15.25|0.00|2.75|0.00|0.00|0|0|0|0|0.00|0|18.00|PEN|1.000|||||1|1|1|1||ACEPTADO
20230100|3|M-RER|04/01/2023||03|B001|2297||1|00000000|CLIENTES VARIOS|0|6.78|0.00|1.22|0.00|0.00|0|0|0|0|0.00|0|8.00|PEN|1.000|||||1|1|1|1||PENDIENTE
20230100|4|M-RER|04/01/2023||03|B001|2298||1|00000000|CLIENTES VARIOS|0|15.25|0.00|2.75|0.00|0.00|0|0|0|0|0.00|0|18.00|PEN|1.000|||||1|1|1|1||PENDIENTE
20230100|5|M-RER|04/01/2023||03|B001|2299||1|00000000|CLIENTES VARIOS|0|21.19|0.00|3.81|0.00|0.00|0|0|0|0|0.00|0|25.00|PEN|1.000|||||1|1|1|1||PENDIENTE
20230100|6|M-RER|04/01/2023||03|B001|2300||1|00000000|CLIENTES VARIOS|0|6.78|0.00|1.22|0.00|0.00|0|0|0|0|0.00|0|8.00|PEN|1.000|||||1|1|1|1||PENDIENTE
20230100|7|M-RER|04/01/2023||03|B001|2301||1|00000000|CLIENTES VARIOS|0|21.19|0.00|3.81|0.00|0.00|0|0|0|0|0.00|0|25.00|PEN|1.000|||||1|1|1|1||PENDIENTE
20230100|8|M-RER|04/01/2023||03|B001|2302||1|00000000|CLIENTES VARIOS|0|8.47|0.00|1.53|0.00|0.00|0|0|0|0|0.00|0|10.00|PEN|1.000|||||1|1|1|1||PENDIENTE
20230100|9|M-RER|04/01/2023||03|B001|2303||1|00000000|CLIENTES VARIOS|0|27.12|0.00|4.88|0.00|0.00|0|0|0|0|0.00|0|32.00|PEN|1.000|||||1|1|1|1||PENDIENTE
20230100|10|M-RER|10/01/2023||03|B001|2304||1|00000000|CLIENTES VARIOS|0|6.78|0.00|1.22|0.00|0.00|0|0|0|0|0.00|0|8.00|PEN|1.000|||||1|1|1|1||PENDIENTE
20230100|11|M-RER|10/01/2023||03|B001|2305||1|00000000|CLIENTES VARIOS|0|12.29|0.00|2.21|0.00|0.00|0|0|0|0|0.00|0|14.50|PEN|1.000|||||1|1|1|1||PENDIENTE
20230100|12|M-RER|15/01/2023||03|B001|2306||1|00000000|CLIENTES VARIOS|0|21.61|0.00|3.89|0.00|0.00|0|0|0|0|0.00|0|25.50|PEN|1.000|||||1|1|1|1||PENDIENTE
20230100|13|M-RER|15/01/2023||03|B001|2307||1|00000000|CLIENTES VARIOS|0|27.12|0.00|4.88|0.00|0.00|0|0|0|0|0.00|0|32.00|PEN|1.000|||||1|1|1|1||PENDIENTE
20230100|14|M-RER|15/01/2023||03|B001|2308||1|00000000|CLIENTES VARIOS|0|22.03|0.00|3.97|0.00|0.00|0|0|0|0|0.00|0|26.00|PEN|1.000|||||1|1|1|1||PENDIENTE
20230100|15|M-RER|15/01/2023||03|B001|2309||1|00000000|CLIENTES VARIOS|0|21.61|0.00|3.89|0.00|0.00|0|0|0|0|0.00|0|25.50|PEN|1.000|||||1|1|1|1||PENDIENTE
20230100|16|M-RER|15/01/2023||03|B001|2310||1|00000000|CLIENTES VARIOS|0|27.12|0.00|4.88|0.00|0.00|0|0|0|0|0.00|0|32.00|PEN|1.000|||||1|1|1|1||PENDIENTE
20230100|17|M-RER|18/01/2023||03|B001|2311||1|00000000|CLIENTES VARIOS|0|15.25|0.00|2.75|0.00|0.00|0|0|0|0|0.00|0|18.00|PEN|1.000|||||1|1|1|1||PENDIENTE
20230100|18|M-RER|18/01/2023||03|B001|2312||1|00000000|CLIENTES VARIOS|0|21.61|0.00|3.89|0.00|0.00|0|0|0|0|0.00|0|25.50|PEN|1.000|||||1|1|1|1||PENDIENTE
